¹ Aegina 11. 11.

-193-

Ὀλύνθιος 111. 5.

1111111115. 140. 141. 154. (158.) 111. 15.
16. p. 161.
Πελληνεύς 133..

Πριηνεύς 145.

. Ῥόδιος 651. 69. 11,1. 13, (a) 1516·

(16.) 116, 1 116. 1⁵0. 111. 1611...
11 p. 161.)

Σαλαμίνιος 61,1. 68
Σολεύς 11, 1.

Τύριος 16. 61.

1111111ιεύ11 85.

Χαιρωνεύς Β. 11 p· 160.
Χῖοι 89. 111. 1 11163.

RECENSUS LOGORUMINrglfgfflIIJJPIAJM INSGRIPTIONIBUS

vn). 'mum uuoumrmonr.

611111111111 p· 180.

Aegium 111. 19 p. 161.

Aegyptus superior 165.

6611111 p. 154, 3.

Agrigentum 111. 11 p. 166.

Albanum 186.

Alexandria 151.

[Andros 108.)

61111 portua 1361. 143.

Argos 111. 3. 1106.)

(Arx 111311111111991. 1011.)

Astypalaea 111. 84. 151.

Athenae 6. 1. 9. 10, ,1, b, 1. ,14) 14.’”
16, 11. 11. 11.Ι 11. 1111111116. 61.
1,11, 1. 31. 33,1. 34. 35,1,5. 36. 31.
39. 40. 41. 43. 44,1. 45. 46. 41,1.
48. 49. 50. 51. a. 53. ⁸, 11. 54. 55. 56.
51. 59. bu* 593⁸ 61. 81. 101, 1, b, 1,
d. 103. 109. 110. 111. 111. 113114,
1, b. 115. 116,1.111.118.119,1.110.

¹ 111. 111. 113. 114115116111. 159.
160 (131. 1331 194. 135116.) (105.
109. 110. 111. 111. 113. 1181111] -
B. 11. 34. 1. 1616. 1111155111.
111. 4, 111, 15, 11, 10, 11 (1163111.

Arum 8, 1. 13. 14· 19. 38. 41. 51. 161·
11 p. 168.)

August· Taurinorum p. 111, 61.

Bovium 145.

urrunnu (Puinuwiok) p. 111, u. 10.

ι Buthrotum 133.

[cuiun 114.]

(0111111111 198.)

cupreae 136. - ι). 113. 11.
01116183. (133.)

Cnidus 89. 30, 1. 91. 91. 33.
0111111111 p. 151, 1, 1, 4, 5.
Orant 181.

01111111 140.

01111111 63.

Cyrinus 164.

Delphi 14.
1111111101. 118. 119,1. 151158. [1011
111. 1 p- 163.

1111611111. (100.)
1111111111 111. 16. (1161.
Erythra 16. 1-35,

111111 111. 1, 1.

Florentia 185,1. [110.] P· 111, 5, 1.
Formiae 105.

(rubii 104.
(1111111116 111. 18 11110.)
Gortys 161.

1111111111111 16.-86. 81. 163. 111. 4.
13

 

